8S95-2D	bpRNA_RFAM_13225	100.000	87	0	0	33	119	2	88	1.53e-39	161
8S95-2D	bpRNA_RFAM_13123	98.851	87	1	0	33	119	2	88	7.13e-38	156
8S95-2D	bpRNA_RFAM_13126	98.851	87	1	0	33	119	2	88	7.13e-38	156
8S95-2D	bpRNA_RFAM_13137	98.851	87	1	0	33	119	2	88	7.13e-38	156
8S95-2D	bpRNA_RFAM_13129	98.851	87	1	0	33	119	2	88	7.13e-38	156
8S95-2D	bpRNA_RFAM_13226	97.701	87	2	0	33	119	2	88	3.32e-36	150
8S95-2D	bpRNA_RFAM_13124	97.701	87	2	0	33	119	2	88	3.32e-36	150
8S95-2D	bpRNA_RFAM_13213	97.701	87	2	0	33	119	2	88	3.32e-36	150
8S95-2D	bpRNA_RFAM_13218	98.795	83	1	0	33	115	1	83	1.19e-35	148
8S95-2D	bpRNA_RFAM_13122	96.552	87	3	0	33	119	2	88	1.54e-34	145
8S95-2D	bpRNA_RFAM_13149	96.552	87	3	0	33	119	2	88	1.54e-34	145
8S95-2D	bpRNA_RFAM_13212	96.552	87	3	0	33	119	2	88	1.54e-34	145
8S95-2D	bpRNA_RFAM_13116	96.591	88	1	2	33	119	2	88	1.54e-34	145
8S95-2D	bpRNA_RFAM_13211	96.552	87	3	0	33	119	2	88	1.54e-34	145
8S95-2D	bpRNA_RFAM_13204	95.402	87	4	0	33	119	2	88	7.18e-33	139
8S95-2D	bpRNA_RFAM_13125	95.402	87	4	0	33	119	2	88	7.18e-33	139
8S95-2D	bpRNA_RFAM_13120	95.402	87	4	0	33	119	2	88	7.18e-33	139
8S95-2D	bpRNA_RFAM_13115	95.455	88	2	2	33	119	2	88	7.18e-33	139
8S95-2D	bpRNA_RFAM_13112	95.402	87	4	0	33	119	2	88	7.18e-33	139
8S95-2D	bpRNA_RFAM_13195	95.402	87	4	0	33	119	2	88	7.18e-33	139
8S95-2D	bpRNA_RFAM_13131	95.349	86	4	0	33	118	2	87	2.58e-32	137
8S95-2D	bpRNA_RFAM_13200	94.253	87	5	0	33	119	2	88	3.34e-31	134
8S95-2D	bpRNA_RFAM_13139	94.253	87	5	0	33	119	2	88	3.34e-31	134
8S95-2D	bpRNA_RFAM_13214	94.253	87	5	0	33	119	2	88	3.34e-31	134
8S95-2D	bpRNA_RFAM_13229	94.253	87	5	0	33	119	2	88	3.34e-31	134
8S95-2D	bpRNA_RFAM_13117	93.103	87	4	2	33	118	2	87	5.59e-29	126
8S95-2D	bpRNA_RFAM_13206	91.954	87	7	0	33	119	2	88	7.24e-28	122
8S95-2D	bpRNA_RFAM_13192	90.805	87	7	1	33	119	2	87	1.21e-25	115
8S95-2D	bpRNA_RFAM_13130	92.308	78	6	0	42	119	1	78	1.57e-24	111
8S95-2D	bpRNA_RFAM_13172	93.939	66	4	0	54	119	3	68	3.39e-21	100
8S95-2D	bpRNA_SPR_127	100.000	32	0	0	125	156	44	75	5.75e-09	60.2
8S95-2D	bpRNA_SPR_425	100.000	32	0	0	125	156	44	75	5.75e-09	60.2
8S95-2D	bpRNA_CRW_40998	100.000	30	0	0	125	154	44	73	7.44e-08	56.5
8S95-2D	bpRNA_CRW_40999	100.000	30	0	0	125	154	44	73	7.44e-08	56.5
8S95-2D	bpRNA_CRW_42569	100.000	30	0	0	125	154	44	73	7.44e-08	56.5
8S95-2D	bpRNA_CRW_40997	100.000	30	0	0	125	154	43	72	7.44e-08	56.5
8S95-2D	bpRNA_CRW_41117	100.000	30	0	0	125	154	43	72	7.44e-08	56.5
8S95-2D	bpRNA_CRW_41113	100.000	30	0	0	125	154	44	73	7.44e-08	56.5
8S95-2D	RF00906.fa.csv_10766	100.000	30	0	0	125	154	44	73	7.44e-08	56.5
8S95-2D	RF00906.fa.csv_8177	100.000	30	0	0	125	154	44	73	7.44e-08	56.5
8S95-2D	RF00906.fa.csv_7572	100.000	30	0	0	125	154	44	73	7.44e-08	56.5
8S95-2D	RF00906.fa.csv_4899	100.000	30	0	0	125	154	44	73	7.44e-08	56.5
8S95-2D	RF00019.fa.csv_4153	100.000	30	0	0	125	154	44	73	7.44e-08	56.5
8S95-2D	RF00019.fa.csv_168	100.000	30	0	0	125	154	44	73	7.44e-08	56.5
8S95-2D	bpRNA_CRW_42537	100.000	29	0	0	125	153	44	72	2.68e-07	54.7
8S95-2D	64e12f45f3b1	100.000	28	0	0	2	29	30	57	9.63e-07	52.8
7UGA-2D	hsa-mir-92a-1	100.000	38	0	0	4	41	49	86	4.45e-13	71.3
7UGA-2D	hsa-mir-19b-1	100.000	38	0	0	4	41	166	203	4.45e-13	71.3
1KPZ-2D	bpRNA_PDB_107	100.000	32	0	0	1	32	1	32	5.28e-10	60.2
1KPZ-2D	48e63e90194d	100.000	30	0	0	3	32	42	71	6.83e-09	56.5
1KPZ-2D	f81bfd7ef32b	100.000	29	0	0	1	29	54	82	2.46e-08	54.7
7XSL-2D	bpRNA_CRW_54750	100.000	388	0	0	1	388	73	460	0.0	717
7XSL-2D	bpRNA_RFAM_4620	100.000	312	0	0	1	312	31	342	3.50e-164	577
7XSL-2D	bpRNA_CRW_54628	94.958	357	14	3	1	354	42	397	4.55e-158	556
7XSL-2D	bpRNA_CRW_54631	94.678	357	15	3	1	354	42	397	2.12e-156	551
7XSL-2D	bpRNA_CRW_54630	92.244	361	22	5	1	357	41	399	4.65e-143	507
7XSL-2D	bpRNA_RFAM_4621	95.556	315	10	3	1	312	31	344	2.16e-141	501
7XSL-2D	bpRNA_CRW_54613	77.353	340	62	13	1	334	617	947	6.88e-47	187
7XSL-2D	c828b3952a99	99.048	105	0	1	66	170	23	126	6.88e-47	187
7XSL-2D	00f7a8c7bbe8	100.000	101	0	0	201	301	27	127	6.88e-47	187
7XSL-2D	6abc4588be10	100.000	70	0	0	1	70	57	126	1.18e-29	130
7LYG-2D	bpRNA_SPR_127	100.000	33	0	0	110	142	44	76	1.43e-09	62.1
7LYG-2D	bpRNA_SPR_425	100.000	33	0	0	110	142	44	76	1.43e-09	62.1
7LYG-2D	bpRNA_CRW_40998	100.000	30	0	0	110	139	44	73	6.66e-08	56.5
7LYG-2D	bpRNA_CRW_40999	100.000	30	0	0	110	139	44	73	6.66e-08	56.5
7LYG-2D	bpRNA_CRW_42569	100.000	30	0	0	110	139	44	73	6.66e-08	56.5
7LYG-2D	bpRNA_CRW_40997	100.000	30	0	0	110	139	43	72	6.66e-08	56.5
7LYG-2D	bpRNA_CRW_41117	100.000	30	0	0	110	139	43	72	6.66e-08	56.5
7LYG-2D	bpRNA_CRW_41113	100.000	30	0	0	110	139	44	73	6.66e-08	56.5
7LYG-2D	RF00906.fa.csv_10766	100.000	30	0	0	110	139	44	73	6.66e-08	56.5
7LYG-2D	RF00906.fa.csv_8177	100.000	30	0	0	110	139	44	73	6.66e-08	56.5
7LYG-2D	RF00906.fa.csv_7572	100.000	30	0	0	110	139	44	73	6.66e-08	56.5
7LYG-2D	RF00906.fa.csv_4899	100.000	30	0	0	110	139	44	73	6.66e-08	56.5
7LYG-2D	RF00019.fa.csv_4153	100.000	30	0	0	110	139	44	73	6.66e-08	56.5
7LYG-2D	RF00019.fa.csv_168	100.000	30	0	0	110	139	44	73	6.66e-08	56.5
7LYG-2D	bpRNA_CRW_42537	100.000	29	0	0	110	138	44	72	2.40e-07	54.7
7LYG-2D	64e12f45f3b1	100.000	28	0	0	1	28	30	57	8.61e-07	52.8
6VAR-2D	f0404d826154	100.000	61	0	0	1	61	46	106	1.28e-25	113
6VAR-2D	bpRNA_RFAM_22571	100.000	59	0	0	2	60	2	60	1.66e-24	110
6VAR-2D	bpRNA_RFAM_22596	98.305	59	1	0	2	60	2	60	7.73e-23	104
6VAR-2D	bpRNA_RFAM_22597	98.305	59	1	0	2	60	2	60	7.73e-23	104
6VAR-2D	bpRNA_RFAM_22575	98.276	58	1	0	2	59	2	59	2.78e-22	102
6VAR-2D	bpRNA_RFAM_22599	96.610	59	2	0	2	60	2	60	3.60e-21	99.0
6VAR-2D	bpRNA_RFAM_22569	96.610	59	2	0	2	60	2	60	3.60e-21	99.0
6VAR-2D	bpRNA_RFAM_22595	96.610	59	2	0	2	60	2	60	3.60e-21	99.0
6VAR-2D	bpRNA_RFAM_22574	94.915	59	3	0	2	60	2	60	1.67e-19	93.5
6XRZ-2D	RF00994.fa.csv_884	97.619	84	2	0	1	84	134	217	7.71e-35	145
6XRZ-2D	bpRNA_RFAM_15643	98.718	78	1	0	11	88	1	78	3.59e-33	139
6XRZ-2D	bpRNA_RFAM_15641	97.436	78	2	0	11	88	1	78	1.67e-31	134
6XRZ-2D	bpRNA_RFAM_15640	96.250	80	1	2	11	88	1	80	2.16e-30	130
6XRZ-2D	fcb27f94fc71	100.000	66	0	0	23	88	27	92	3.61e-28	122
6XRZ-2D	da828c6e9fbc	94.872	39	2	0	17	55	37	75	7.99e-10	62.1
6XRZ-2D	9bc894364ee5	100.000	32	0	0	1	32	95	126	2.87e-09	60.2
2A64-2D	bpRNA_RFAM_2927	100.000	414	0	0	1	414	1	414	0.0	765
2A64-2D	bpRNA_PDB_240	100.000	414	0	0	1	414	1	414	0.0	765
2A64-2D	bpRNA_RFAM_2900	97.229	397	9	2	8	403	1	396	0.0	671
2A64-2D	bpRNA_RFAM_2915	96.474	397	13	1	8	403	1	397	0.0	654
2A64-2D	bpRNA_PDB_454	100.000	170	0	0	245	414	96	265	3.21e-85	315
2A64-2D	bpRNA_PDB_454	100.000	91	0	0	1	91	1	91	2.65e-41	169
2A64-2D	bpRNA_RFAM_2928	82.320	362	51	11	41	398	37	389	2.50e-81	302
2A64-2D	bpRNA_RNP_56	82.016	367	54	11	41	403	37	395	2.50e-81	302
2A64-2D	bpRNA_RFAM_2841	81.061	396	57	14	12	403	5	386	9.00e-81	300
2A64-2D	bpRNA_RFAM_2919	81.471	367	56	11	41	403	32	390	5.42e-78	291
2A64-2D	bpRNA_RFAM_2917	81.522	368	55	10	41	403	32	391	5.42e-78	291
2A64-2D	bpRNA_RFAM_2916	81.199	367	58	10	41	403	32	391	2.52e-76	285
2A64-2D	bpRNA_RFAM_2836	80.402	398	54	21	12	403	5	384	3.26e-75	281
2A64-2D	bpRNA_RNP_67	81.421	366	47	12	41	403	40	387	1.17e-74	279
2A64-2D	b1398581d30b	100.000	101	0	0	131	231	27	127	7.31e-47	187
2A64-2D	5ef92feb7f39	100.000	100	0	0	41	140	27	126	2.63e-46	185
2A64-2D	63d2a6363873	100.000	100	0	0	251	350	27	126	2.63e-46	185
2A64-2D	bpRNA_RFAM_2891	78.731	268	43	13	43	304	34	293	9.53e-41	167
2A64-2D	bpRNA_RFAM_2890	79.051	253	42	11	43	291	34	279	1.23e-39	163
2A64-2D	bpRNA_RFAM_2918	83.607	122	16	4	185	304	163	282	4.53e-24	111
2A64-2D	257f8f2f5b77	86.813	91	11	1	166	256	37	126	9.80e-21	100
6MCI-2D	bpRNA_PDB_646	92.982	57	4	0	1	57	1	57	9.04e-17	84.2
8CQ1-2D	d2a2ec3f8a82	100.000	40	0	0	3	42	82	121	3.60e-14	75.0
7V06-2D	RF00994.fa.csv_7331	97.436	39	1	0	3	41	200	238	5.75e-12	67.6
7V06-2D	RF00994.fa.csv_3481	97.436	39	1	0	3	41	200	238	5.75e-12	67.6
7V06-2D	RF00994.fa.csv_810	97.436	39	1	0	3	41	200	238	5.75e-12	67.6
8SP9-2D	bpRNA_RFAM_13164	98.837	86	1	0	31	116	2	87	2.47e-37	154
8SP9-2D	bpRNA_RFAM_13223	98.837	86	1	0	31	116	2	87	2.47e-37	154
8SP9-2D	bpRNA_RFAM_13168	98.837	86	1	0	31	116	2	87	2.47e-37	154
8SP9-2D	bpRNA_RFAM_13217	98.837	86	0	1	31	116	2	86	8.88e-37	152
8SP9-2D	bpRNA_RFAM_13157	97.701	87	2	0	31	117	2	88	3.19e-36	150
8SP9-2D	bpRNA_RFAM_13158	97.674	86	2	0	31	116	2	87	1.15e-35	148
8SP9-2D	bpRNA_RFAM_13216	97.701	87	1	1	31	117	2	87	1.15e-35	148
8SP9-2D	bpRNA_RFAM_13118	96.512	86	3	0	31	116	2	87	5.35e-34	143
8SP9-2D	bpRNA_RFAM_13080	96.512	86	3	0	31	116	2	87	5.35e-34	143
8SP9-2D	bpRNA_RFAM_13238	96.512	86	3	0	31	116	2	87	5.35e-34	143
8SP9-2D	bpRNA_RFAM_13155	96.512	86	3	0	31	116	2	87	5.35e-34	143
8SP9-2D	05ce41030bd6	94.505	91	5	0	29	119	32	122	1.92e-33	141
8SP9-2D	bpRNA_RFAM_13196	96.429	84	3	0	31	114	2	85	6.91e-33	139
8SP9-2D	bpRNA_RFAM_13079	95.349	86	4	0	31	116	2	87	2.49e-32	137
8SP9-2D	bpRNA_RFAM_13086	95.349	86	4	0	31	116	2	87	2.49e-32	137
8SP9-2D	bpRNA_RFAM_13146	95.349	86	4	0	31	116	2	87	2.49e-32	137
8SP9-2D	bpRNA_RFAM_13160	95.349	86	4	0	31	116	2	87	2.49e-32	137
8SP9-2D	bpRNA_RFAM_13133	95.349	86	4	0	31	116	2	87	2.49e-32	137
8SP9-2D	bpRNA_RFAM_13169	95.349	86	4	0	31	116	2	87	2.49e-32	137
8SP9-2D	bpRNA_RFAM_13170	95.349	86	4	0	31	116	2	87	2.49e-32	137
8SP9-2D	bpRNA_RFAM_13097	95.349	86	4	0	31	116	2	87	2.49e-32	137
8SP9-2D	bpRNA_RFAM_13235	95.349	86	4	0	31	116	2	87	2.49e-32	137
8SP9-2D	bpRNA_RFAM_13191	95.238	84	4	0	31	114	2	85	3.22e-31	134
8SP9-2D	20366b56b95f	93.333	90	6	0	29	118	32	121	3.22e-31	134
8SP9-2D	bpRNA_RFAM_13152	94.186	86	5	0	31	116	2	87	1.16e-30	132
8SP9-2D	bpRNA_RFAM_13096	94.186	86	5	0	31	116	2	87	1.16e-30	132
8SP9-2D	bpRNA_RFAM_13093	94.186	86	5	0	31	116	2	87	1.16e-30	132
8SP9-2D	bpRNA_RFAM_13171	94.186	86	5	0	31	116	2	87	1.16e-30	132
8SP9-2D	bpRNA_RFAM_13092	94.186	86	3	2	31	115	1	85	4.16e-30	130
8SP9-2D	bpRNA_RFAM_13138	93.023	86	6	0	31	116	2	87	5.38e-29	126
8SP9-2D	bpRNA_RFAM_13135	91.860	86	7	0	31	116	2	87	2.50e-27	121
8SP9-2D	bpRNA_RFAM_13111	93.939	66	4	0	51	116	2	67	3.26e-21	100
8SP9-2D	bpRNA_SPR_127	100.000	31	0	0	121	151	44	74	1.99e-08	58.4
8SP9-2D	bpRNA_SPR_425	100.000	31	0	0	121	151	44	74	1.99e-08	58.4
8SP9-2D	bpRNA_CRW_40998	100.000	30	0	0	121	150	44	73	7.16e-08	56.5
8SP9-2D	bpRNA_CRW_40999	100.000	30	0	0	121	150	44	73	7.16e-08	56.5
8SP9-2D	bpRNA_CRW_42569	100.000	30	0	0	121	150	44	73	7.16e-08	56.5
8SP9-2D	bpRNA_CRW_40997	100.000	30	0	0	121	150	43	72	7.16e-08	56.5
8SP9-2D	bpRNA_CRW_41117	100.000	30	0	0	121	150	43	72	7.16e-08	56.5
8SP9-2D	bpRNA_CRW_41113	100.000	30	0	0	121	150	44	73	7.16e-08	56.5
8SP9-2D	RF00906.fa.csv_10766	100.000	30	0	0	121	150	44	73	7.16e-08	56.5
8SP9-2D	RF00906.fa.csv_8177	100.000	30	0	0	121	150	44	73	7.16e-08	56.5
8SP9-2D	RF00906.fa.csv_7572	100.000	30	0	0	121	150	44	73	7.16e-08	56.5
8SP9-2D	RF00906.fa.csv_4899	100.000	30	0	0	121	150	44	73	7.16e-08	56.5
8SP9-2D	RF00019.fa.csv_4153	100.000	30	0	0	121	150	44	73	7.16e-08	56.5
8SP9-2D	RF00019.fa.csv_168	100.000	30	0	0	121	150	44	73	7.16e-08	56.5
8SP9-2D	bpRNA_CRW_42537	100.000	29	0	0	121	149	44	72	2.58e-07	54.7
8SP9-2D	64e12f45f3b1	100.000	28	0	0	1	28	30	57	9.27e-07	52.8
7UVT-2D	bpRNA_CRW_54750	100.000	387	0	0	1	387	73	459	0.0	715
7UVT-2D	bpRNA_RFAM_4620	100.000	312	0	0	1	312	31	342	3.49e-164	577
7UVT-2D	bpRNA_CRW_54628	94.958	357	14	3	1	354	42	397	4.54e-158	556
7UVT-2D	bpRNA_CRW_54631	94.678	357	15	3	1	354	42	397	2.11e-156	551
7UVT-2D	bpRNA_CRW_54630	92.244	361	22	5	1	357	41	399	4.64e-143	507
7UVT-2D	bpRNA_RFAM_4621	95.556	315	10	3	1	312	31	344	2.16e-141	501
7UVT-2D	bpRNA_CRW_54613	77.353	340	62	13	1	334	617	947	6.86e-47	187
7UVT-2D	c828b3952a99	99.048	105	0	1	66	170	23	126	6.86e-47	187
7UVT-2D	00f7a8c7bbe8	100.000	101	0	0	201	301	27	127	6.86e-47	187
7UVT-2D	6abc4588be10	100.000	70	0	0	1	70	57	126	1.17e-29	130
7SAM-2D	bpRNA_RFAM_23396	100.000	129	0	0	39	167	1	129	7.66e-63	239
7ZFW-2D	RF04021.fa.csv_3838	98.920	463	5	0	26	488	1	463	0.0	828
7ZFW-2D	RF04021.fa.csv_9271	98.704	463	5	1	26	488	1	462	0.0	821
7ZFW-2D	bpRNA_RFAM_43095	97.077	479	12	2	3	479	1	479	0.0	806
7ZFW-2D	bpRNA_RFAM_43129	87.237	619	57	14	3	614	1	604	0.0	686
7ZFW-2D	RF04021.fa.csv_6643	98.939	377	4	0	3	379	1	377	0.0	675
7ZFW-2D	RF04021.fa.csv_8394	98.503	334	5	0	137	470	1	334	7.25e-168	590
7ZFW-2D	RF04021.fa.csv_4678	90.044	452	44	1	26	477	1	451	3.37e-166	584
7ZFW-2D	bpRNA_RFAM_43089	88.066	486	46	12	3	480	1	482	1.22e-160	566
7ZFW-2D	RF04021.fa.csv_9132	95.702	349	15	0	26	374	1	349	1.58e-159	562
7ZFW-2D	RF04021.fa.csv_3787	89.310	449	47	1	26	474	1	448	1.58e-159	562
7ZFW-2D	RF04021.fa.csv_8458	94.034	352	14	6	26	374	1	348	5.76e-149	527
7ZFW-2D	RF04021.fa.csv_3251	87.638	453	50	5	26	476	1	449	2.68e-147	521
7ZFW-2D	RF04021.fa.csv_7682	87.607	468	26	13	4	471	2	437	4.49e-145	514
7ZFW-2D	RF04021.fa.csv_5033	87.751	449	40	6	26	474	1	434	5.80e-144	510
7ZFW-2D	RF04021.fa.csv_2185	87.305	449	52	2	29	477	4	447	2.09e-143	508
7ZFW-2D	RF04021.fa.csv_6249	86.889	450	53	3	29	477	4	448	1.26e-140	499
7ZFW-2D	RF04021.fa.csv_2310	92.857	350	16	9	27	374	2	344	1.26e-140	499
7ZFW-2D	RF04021.fa.csv_8611	86.237	465	48	8	26	479	1	460	7.56e-138	490
7ZFW-2D	RF04021.fa.csv_555	93.548	341	3	5	34	374	10	331	7.56e-138	490
7ZFW-2D	RF04021.fa.csv_4518	89.610	385	34	5	103	484	5	386	3.52e-136	484
7ZFW-2D	RF04021.fa.csv_2857	94.551	312	15	2	3	312	1	312	4.55e-135	481
7ZFW-2D	RF04021.fa.csv_9216	86.395	441	44	5	26	466	1	425	3.54e-131	468
7ZFW-2D	RF04021.fa.csv_1026	85.619	452	55	9	26	476	1	443	1.27e-130	466
7ZFW-2D	RF04021.fa.csv_4450	84.130	460	59	7	26	473	1	458	1.29e-120	433
7ZFW-2D	RF04021.fa.csv_244	88.920	352	32	5	26	374	1	348	6.01e-119	427
7ZFW-2D	RF04021.fa.csv_6203	83.333	450	71	3	26	473	1	448	1.68e-114	412
7ZFW-2D	RF04021.fa.csv_3235	93.190	279	18	1	201	479	90	367	2.18e-113	409
7ZFW-2D	RF04021.fa.csv_6052	88.563	341	32	3	110	448	43	378	7.83e-113	407
7ZFW-2D	RF04021.fa.csv_33	85.677	384	55	0	30	413	5	388	2.82e-112	405
7ZFW-2D	RF04021.fa.csv_733	97.071	239	6	1	241	478	1	239	3.64e-111	401
7ZFW-2D	RF04021.fa.csv_3858	94.422	251	13	1	3	252	1	251	3.67e-106	385
7ZFW-2D	RF04021.fa.csv_551	97.727	220	3	2	272	489	51	270	6.14e-104	377
7ZFW-2D	RF04021.fa.csv_8648	94.142	239	13	1	3	240	1	239	1.72e-99	363
7ZFW-2D	RF04021.fa.csv_6477	81.920	448	63	15	3	444	1	436	1.72e-99	363
7ZFW-2D	RF04021.fa.csv_7757	81.879	447	63	15	3	443	1	435	6.19e-99	361
7ZFW-2D	RF04021.fa.csv_7401	81.879	447	63	15	3	443	1	435	6.19e-99	361
7ZFW-2D	RF04021.fa.csv_5916	81.879	447	63	15	3	443	1	435	6.19e-99	361
7ZFW-2D	RF04021.fa.csv_5318	81.879	447	63	15	3	443	1	435	6.19e-99	361
7ZFW-2D	RF04021.fa.csv_3850	81.879	447	63	15	3	443	1	435	6.19e-99	361
7ZFW-2D	RF04021.fa.csv_1702	81.879	447	63	15	3	443	1	435	6.19e-99	361
7ZFW-2D	RF04021.fa.csv_1441	81.879	447	63	15	3	443	1	435	6.19e-99	361
7ZFW-2D	RF04021.fa.csv_1107	94.118	238	13	1	3	239	1	238	6.19e-99	361
7ZFW-2D	RF04021.fa.csv_304	81.879	447	63	15	3	443	1	435	6.19e-99	361
7ZFW-2D	RF04021.fa.csv_5671	91.045	268	20	3	214	479	103	368	2.22e-98	359
7ZFW-2D	RF04021.fa.csv_5172	84.677	372	44	4	106	476	1	360	2.22e-98	359
7ZFW-2D	RF04021.fa.csv_9168	81.737	449	63	16	3	444	1	437	8.00e-98	357
7ZFW-2D	RF04021.fa.csv_2550	96.729	214	7	0	265	478	1	214	8.00e-98	357
7ZFW-2D	RF04021.fa.csv_6712	81.655	447	64	15	3	443	1	435	2.88e-97	355
7ZFW-2D	RF04021.fa.csv_3397	81.757	444	63	15	6	443	4	435	2.88e-97	355
7ZFW-2D	RF04021.fa.csv_3382	81.655	447	64	15	3	443	1	435	2.88e-97	355
7ZFW-2D	RF04021.fa.csv_1668	95.175	228	5	6	287	511	1	225	2.88e-97	355
7ZFW-2D	RF04021.fa.csv_1333	81.655	447	64	15	3	443	1	435	2.88e-97	355
7ZFW-2D	RF04021.fa.csv_7714	82.353	425	57	15	25	443	25	437	1.04e-96	353
7ZFW-2D	RF04021.fa.csv_4600	81.655	447	63	16	3	443	1	434	1.04e-96	353
7ZFW-2D	RF04021.fa.csv_2464	96.682	211	7	0	219	429	135	345	3.72e-96	351
7ZFW-2D	RF04021.fa.csv_4640	82.009	428	59	15	3	424	1	416	4.82e-95	348
7ZFW-2D	RF04021.fa.csv_1353	81.490	443	62	17	3	437	1	431	1.73e-94	346
7ZFW-2D	RF04021.fa.csv_4272	81.208	447	66	15	3	443	1	435	6.23e-94	344
7ZFW-2D	RF04021.fa.csv_5848	81.776	428	60	15	3	424	1	416	2.24e-93	342
7ZFW-2D	RF04021.fa.csv_3906	81.406	441	63	16	3	436	1	429	2.24e-93	342
7ZFW-2D	RF04021.fa.csv_1913	81.818	429	59	16	3	424	1	417	2.24e-93	342
7ZFW-2D	RF04021.fa.csv_3579	82.152	409	55	15	3	405	1	397	3.75e-91	335
7ZFW-2D	RF04021.fa.csv_4762	80.761	447	68	15	3	443	1	435	1.35e-90	333
7ZFW-2D	RF04021.fa.csv_3104	81.951	410	55	16	3	405	1	398	1.74e-89	329
7ZFW-2D	RF04021.fa.csv_1608	81.731	416	57	16	3	412	1	403	1.74e-89	329
7ZFW-2D	RF04021.fa.csv_3158	81.907	409	55	16	3	405	1	396	6.27e-89	327
7ZFW-2D	RF04021.fa.csv_1239	79.545	484	78	19	3	480	1	469	2.26e-88	326
7ZFW-2D	bpRNA_RFAM_43092	79.592	490	70	26	3	482	1	470	8.12e-88	324
7ZFW-2D	RF04021.fa.csv_2130	81.910	398	54	15	3	394	1	386	1.05e-86	320
7ZFW-2D	RF04021.fa.csv_8519	81.527	406	55	17	3	400	1	394	1.36e-85	316
7ZFW-2D	RF04021.fa.csv_3447	89.328	253	25	2	124	374	11	263	1.36e-85	316
7ZFW-2D	RF04021.fa.csv_2534	80.787	432	59	20	3	424	1	418	1.36e-85	316
7ZFW-2D	RF04021.fa.csv_8138	82.005	389	52	15	3	385	1	377	4.88e-85	315
7ZFW-2D	RF04021.fa.csv_2439	92.925	212	15	0	262	473	121	332	2.27e-83	309
7ZFW-2D	RF04021.fa.csv_5728	81.313	396	56	15	3	392	1	384	2.94e-82	305
7ZFW-2D	RF04021.fa.csv_3689	94.949	198	5	5	317	511	1	196	2.94e-82	305
7ZFW-2D	RF04021.fa.csv_7313	91.781	219	17	1	258	476	65	282	1.06e-81	303
7ZFW-2D	RF04021.fa.csv_7780	94.444	198	5	6	317	511	1	195	1.37e-80	300
7ZFW-2D	RF04021.fa.csv_5159	81.867	375	50	7	26	399	1	358	1.37e-80	300
7ZFW-2D	RF04021.fa.csv_8446	80.357	448	43	17	26	471	1	405	4.92e-80	298
7ZFW-2D	RF04021.fa.csv_5854	99.383	162	1	0	271	432	162	323	6.36e-79	294
7ZFW-2D	RF04021.fa.csv_8883	81.088	386	55	15	3	382	1	374	2.29e-78	292
7ZFW-2D	RF04021.fa.csv_2262	81.316	380	53	15	3	376	1	368	2.29e-78	292
7ZFW-2D	RF04021.fa.csv_5545	81.152	382	54	15	3	378	1	370	8.23e-78	291
7ZFW-2D	bpRNA_RFAM_43165	78.801	467	72	22	3	462	1	447	2.96e-77	289
7ZFW-2D	RF04021.fa.csv_4477	81.283	374	52	15	3	370	1	362	1.06e-76	287
7ZFW-2D	RF04021.fa.csv_3780	81.183	372	52	15	3	368	1	360	1.38e-75	283
7ZFW-2D	RF04021.fa.csv_441	81.132	371	52	15	3	367	1	359	4.95e-75	281
7ZFW-2D	bpRNA_RFAM_43125	78.685	441	78	14	6	436	4	438	1.78e-74	279
7ZFW-2D	RF04021.fa.csv_9375	81.030	369	52	15	3	365	1	357	6.41e-74	278
7ZFW-2D	RF04021.fa.csv_5105	78.604	444	75	16	4	442	2	430	2.30e-73	276
7ZFW-2D	RF04021.fa.csv_1053	79.147	422	68	15	26	442	1	407	8.29e-73	274
7ZFW-2D	RF04021.fa.csv_1734	91.414	198	17	0	282	479	137	334	2.98e-72	272
7ZFW-2D	RF04021.fa.csv_343	81.111	360	50	15	3	356	1	348	2.98e-72	272
7ZFW-2D	bpRNA_RFAM_43157	78.027	446	86	10	3	443	1	439	1.07e-71	270
7ZFW-2D	RF04021.fa.csv_6039	93.407	182	12	0	193	374	71	252	1.07e-71	270
7ZFW-2D	RF04021.fa.csv_7941	92.147	191	14	1	3	193	1	190	3.86e-71	268
7ZFW-2D	RF04021.fa.csv_7824	78.910	422	70	15	26	442	1	408	3.86e-71	268
7ZFW-2D	RF04021.fa.csv_9110	87.288	236	27	3	106	339	1	235	1.39e-70	267
7ZFW-2D	RF04021.fa.csv_2293	80.833	360	51	15	3	356	1	348	1.39e-70	267
7ZFW-2D	RF04021.fa.csv_1248	80.886	361	50	16	3	356	1	349	1.39e-70	267
7ZFW-2D	RF04021.fa.csv_1856	78.673	422	72	14	26	442	1	409	4.99e-70	265
7ZFW-2D	RF04021.fa.csv_4330	80.726	358	51	15	3	354	1	346	1.79e-69	263
7ZFW-2D	RF04021.fa.csv_8459	78.378	444	66	20	3	423	1	437	6.45e-69	261
7ZFW-2D	RF04021.fa.csv_7431	78.378	444	66	20	3	423	1	437	6.45e-69	261
7ZFW-2D	RF04021.fa.csv_6666	78.487	423	74	13	4	422	2	411	6.45e-69	261
7ZFW-2D	RF04021.fa.csv_2558	78.378	444	66	20	3	423	1	437	6.45e-69	261
7ZFW-2D	bpRNA_RFAM_43119	77.928	444	79	14	3	436	1	435	2.32e-68	259
7ZFW-2D	RF04021.fa.csv_8541	78.487	423	72	15	26	442	1	410	2.32e-68	259
7ZFW-2D	RF04021.fa.csv_3497	80.618	356	51	15	3	352	1	344	2.32e-68	259
7ZFW-2D	RF04021.fa.csv_473	78.076	447	73	19	3	436	1	435	2.32e-68	259
7ZFW-2D	RF04021.fa.csv_8829	80.508	354	50	16	3	349	1	342	1.08e-66	254
7ZFW-2D	RF04021.fa.csv_6597	77.951	449	69	22	3	436	1	434	1.08e-66	254
7ZFW-2D	RF04021.fa.csv_5439	80.571	350	50	15	3	346	1	338	1.08e-66	254
7ZFW-2D	RF04021.fa.csv_5369	78.027	446	66	22	3	423	1	439	3.88e-66	252
7ZFW-2D	RF04021.fa.csv_5088	90.155	193	19	0	223	415	216	408	3.88e-66	252
7ZFW-2D	RF04021.fa.csv_4642	78.660	403	68	14	26	423	1	390	3.88e-66	252
7ZFW-2D	RF04021.fa.csv_1724	80.398	352	51	15	77	422	66	405	3.88e-66	252
7ZFW-2D	RF04021.fa.csv_4261	80.702	342	48	15	39	374	1	330	1.40e-65	250
7ZFW-2D	RF04021.fa.csv_2706	77.978	445	67	21	3	423	1	438	1.40e-65	250
7ZFW-2D	RF04021.fa.csv_1858	80.702	342	48	15	3	338	1	330	1.40e-65	250
7ZFW-2D	RF04021.fa.csv_6454	78.353	425	62	20	3	404	1	418	5.02e-65	248
7ZFW-2D	RF04021.fa.csv_5680	80.466	343	49	15	3	339	1	331	1.81e-64	246
7ZFW-2D	RF04021.fa.csv_6967	94.872	156	7	1	220	374	90	245	2.34e-63	243
7ZFW-2D	RF04021.fa.csv_5513	77.009	448	88	15	3	443	1	440	2.34e-63	243
7ZFW-2D	RF04021.fa.csv_1477	77.882	425	69	20	4	419	2	410	8.41e-63	241
7ZFW-2D	RF04021.fa.csv_6749	89.894	188	16	3	259	443	39	226	3.02e-62	239
7ZFW-2D	RF04021.fa.csv_4631	80.178	338	48	16	3	333	1	326	3.91e-61	235
7ZFW-2D	RF04021.fa.csv_3860	90.857	175	16	0	191	365	77	251	3.91e-61	235
7ZFW-2D	bpRNA_RFAM_43155	77.327	419	80	12	25	438	23	431	1.41e-60	233
7ZFW-2D	RF04021.fa.csv_2993	95.205	146	5	2	216	359	66	211	1.82e-59	230
7ZFW-2D	RF04021.fa.csv_4105	78.061	392	59	20	3	380	1	379	3.05e-57	222
7ZFW-2D	RF04021.fa.csv_5761	76.674	433	76	20	25	442	23	445	1.42e-55	217
7ZFW-2D	RF04021.fa.csv_7630	77.262	409	62	21	3	388	1	401	6.59e-54	211
7ZFW-2D	RF04021.fa.csv_741	80.065	306	43	15	75	374	1	294	6.59e-54	211
7ZFW-2D	RF04021.fa.csv_8520	77.228	404	62	20	3	383	1	397	2.37e-53	209
7ZFW-2D	RF04021.fa.csv_3302	90.968	155	14	0	3	157	1	155	2.37e-53	209
7ZFW-2D	RF04021.fa.csv_3057	90.968	155	14	0	220	374	109	263	2.37e-53	209
7ZFW-2D	RF04021.fa.csv_6719	78.979	333	49	18	3	328	1	319	8.53e-53	207
7ZFW-2D	RF04021.fa.csv_3046	88.372	172	20	0	238	409	122	293	8.53e-53	207
7ZFW-2D	bpRNA_RFAM_43149	76.322	435	74	23	25	442	23	445	3.07e-52	206
7ZFW-2D	RF04021.fa.csv_6014	88.372	172	19	1	273	443	293	464	3.07e-52	206
7ZFW-2D	RF04021.fa.csv_3845	79.801	302	43	15	79	374	1	290	1.10e-51	204
7ZFW-2D	RF04021.fa.csv_1236	94.030	134	8	0	305	438	92	225	1.10e-51	204
7ZFW-2D	RF04021.fa.csv_4370	79.012	324	46	8	26	340	1	311	3.97e-51	202
7ZFW-2D	RF04021.fa.csv_422	75.829	422	89	12	3	421	1	412	3.97e-51	202
7ZFW-2D	bpRNA_RFAM_43091	88.889	162	18	0	277	438	274	435	1.43e-50	200
7ZFW-2D	bpRNA_RFAM_43152	89.375	160	16	1	272	431	260	418	1.43e-50	200
7ZFW-2D	RF04021.fa.csv_3654	93.284	134	9	0	311	444	75	208	5.13e-50	198
7ZFW-2D	bpRNA_RFAM_43130	91.034	145	13	0	278	422	275	419	1.85e-49	196
7ZFW-2D	RF04021.fa.csv_6245	88.608	158	18	0	279	436	60	217	2.39e-48	193
7ZFW-2D	RF04021.fa.csv_2445	87.500	176	10	1	295	470	101	264	2.39e-48	193
7ZFW-2D	RF04021.fa.csv_999	88.272	162	18	1	277	438	274	434	2.39e-48	193
7ZFW-2D	RF04021.fa.csv_4101	84.817	191	26	2	219	409	140	327	3.09e-47	189
7ZFW-2D	RF04021.fa.csv_8690	85.484	186	20	7	193	374	78	260	1.11e-46	187
7ZFW-2D	RF04021.fa.csv_8355	88.889	153	16	1	328	480	81	232	1.11e-46	187
7ZFW-2D	RF04021.fa.csv_7248	85.484	186	20	7	193	374	88	270	1.11e-46	187
7ZFW-2D	RF04021.fa.csv_3734	90.780	141	12	1	282	422	1	140	1.11e-46	187
7ZFW-2D	RF04021.fa.csv_3684	88.742	151	15	1	279	429	247	395	1.44e-45	183
7ZFW-2D	RF04021.fa.csv_2048	96.296	108	4	0	3	110	1	108	6.69e-44	178
7ZFW-2D	RF04021.fa.csv_4467	87.179	156	19	1	219	374	53	207	2.40e-43	176
7ZFW-2D	RF04021.fa.csv_7335	98.000	100	2	0	276	375	3	102	8.65e-43	174
7ZFW-2D	RF04021.fa.csv_2604	85.629	167	17	6	278	438	285	450	4.02e-41	169
7ZFW-2D	RF04021.fa.csv_8784	86.452	155	17	4	220	374	124	274	1.45e-40	167
7ZFW-2D	RF04021.fa.csv_7865	93.694	111	7	0	258	368	35	145	1.45e-40	167
7ZFW-2D	RF04021.fa.csv_885	95.238	105	5	0	270	374	110	214	1.45e-40	167
7ZFW-2D	RF04021.fa.csv_2979	86.806	144	19	0	277	420	269	412	6.73e-39	161
7ZFW-2D	RF04021.fa.csv_2601	94.286	105	6	0	270	374	67	171	6.73e-39	161
7ZFW-2D	RF04021.fa.csv_1125	74.935	387	78	18	3	380	1	377	2.42e-38	159
7ZFW-2D	RF04021.fa.csv_8072	75.749	367	59	20	3	346	1	360	8.71e-38	158
7ZFW-2D	RF04021.fa.csv_4807	90.678	118	11	0	278	395	281	398	8.71e-38	158
7ZFW-2D	RF04021.fa.csv_1018	86.207	145	19	1	277	420	272	416	3.13e-37	156
7ZFW-2D	bpRNA_RFAM_43133	84.768	151	19	4	277	425	269	417	5.24e-35	148
7ZFW-2D	RF00032.fa.csv_11914	85.315	143	21	0	278	420	271	413	5.24e-35	148
7ZFW-2D	RF04021.fa.csv_4590	91.509	106	8	1	267	371	34	139	6.78e-34	145
7ZFW-2D	RF04021.fa.csv_1958	75.350	357	58	20	3	336	1	350	6.78e-34	145
7ZFW-2D	RF04021.fa.csv_7513	98.750	80	1	0	26	105	1	80	2.44e-33	143
7ZFW-2D	RF04021.fa.csv_2250	84.000	150	23	1	278	426	102	251	2.44e-33	143
7ZFW-2D	RF04021.fa.csv_5623	86.992	123	16	0	3	125	1	123	3.16e-32	139
7ZFW-2D	RF04021.fa.csv_3762	96.250	80	3	0	26	105	1	80	5.28e-30	132
7ZFW-2D	RF04021.fa.csv_3697	96.250	80	3	0	26	105	1	80	5.28e-30	132
7ZFW-2D	RF04021.fa.csv_2884	96.250	80	3	0	26	105	1	80	5.28e-30	132
7ZFW-2D	RF04021.fa.csv_9080	90.625	96	9	0	26	121	1	96	6.83e-29	128
7ZFW-2D	RF04021.fa.csv_9266	95.000	80	3	1	26	105	1	79	8.83e-28	124
7ZFW-2D	RF04021.fa.csv_1010	89.583	96	10	0	26	121	1	96	3.18e-27	122
7ZFW-2D	RF04021.fa.csv_4704	82.734	139	20	3	275	411	202	338	1.14e-26	121
7ZFW-2D	RF04021.fa.csv_2542	93.750	80	5	0	26	105	1	80	1.14e-26	121
7ZFW-2D	RF04021.fa.csv_6041	92.500	80	6	0	26	105	1	80	5.32e-25	115
7ZFW-2D	RF04021.fa.csv_7083	89.130	92	8	2	25	115	23	113	1.91e-24	113
7ZFW-2D	RF04021.fa.csv_6797	91.250	80	7	0	26	105	1	80	2.47e-23	110
7ZFW-2D	bpRNA_RFAM_43106	92.105	76	6	0	24	99	22	97	8.90e-23	108
7ZFW-2D	RF04021.fa.csv_1193	87.778	90	10	1	25	113	1	90	1.15e-21	104
7ZFW-2D	RF04021.fa.csv_1072	91.892	74	6	0	26	99	1	74	1.15e-21	104
7ZFW-2D	RF04021.fa.csv_5294	100.000	47	0	0	2	48	79	33	1.16e-16	87.9
8SCH-2D	3d44b5daf577	93.750	48	3	0	8	55	44	91	2.57e-13	73.1
8SCH-2D	bpRNA_RFAM_7943	93.617	47	3	0	8	54	18	64	9.25e-13	71.3
6U79-2D	698504709f46	97.222	36	1	0	2	37	81	116	1.95e-10	62.1
2LC8-2D	bpRNA_PDB_345	100.000	59	0	0	1	59	1	59	1.58e-24	110
2LC8-2D	7113aea8997b	100.000	59	0	0	1	59	34	92	1.58e-24	110
8FCS-2D	bpRNA_RFAM_19348	100.000	71	0	0	1	71	7	77	4.46e-31	132
8FCS-2D	bpRNA_RFAM_19325	97.143	70	2	0	1	70	7	76	3.47e-27	119
8FCS-2D	bpRNA_RFAM_19341	95.775	71	3	0	1	71	7	77	4.49e-26	115
8FCS-2D	bpRNA_RFAM_19329	95.775	71	3	0	1	71	7	77	4.49e-26	115
8FCS-2D	bpRNA_RFAM_19330	97.015	67	2	0	1	67	7	73	1.61e-25	113
7UMC-2D	9e875c1884cf	100.000	50	0	0	1	50	27	76	2.06e-19	93.5
7KUB-2D	human_mrna.csv_1316	98.214	56	1	0	1	56	43	98	3.50e-21	99.0
7LVA-2D	bpRNA_RFAM_12516	100.000	99	0	0	3	101	1	99	1.97e-46	183
7LVA-2D	bpRNA_RFAM_12517	96.970	99	3	0	3	101	1	99	1.98e-41	167
7LVA-2D	bpRNA_RFAM_12609	96.970	99	3	0	3	101	1	99	1.98e-41	167
7LVA-2D	bpRNA_RFAM_12563	96.970	99	3	0	3	101	1	99	1.98e-41	167
7LVA-2D	bpRNA_RFAM_12584	96.970	99	3	0	3	101	1	99	1.98e-41	167
7LVA-2D	bpRNA_RFAM_12619	96.970	99	3	0	3	101	1	99	1.98e-41	167
7LVA-2D	bpRNA_RFAM_12548	95.960	99	4	0	3	101	1	99	9.22e-40	161
7LVA-2D	bpRNA_RFAM_12536	95.960	99	4	0	3	101	1	99	9.22e-40	161
7LVA-2D	bpRNA_RFAM_12637	98.889	90	1	0	3	92	1	90	9.22e-40	161
7LVA-2D	bpRNA_RFAM_12630	95.960	99	4	0	3	101	1	99	9.22e-40	161
7LVA-2D	bpRNA_RFAM_12623	95.960	99	4	0	3	101	1	99	9.22e-40	161
7LVA-2D	bpRNA_RFAM_12524	95.960	99	4	0	3	101	1	99	9.22e-40	161
7LVA-2D	bpRNA_RFAM_12627	95.960	99	4	0	3	101	1	99	9.22e-40	161
7LVA-2D	bpRNA_RFAM_12603	95.960	99	4	0	3	101	1	99	9.22e-40	161
7LVA-2D	bpRNA_RFAM_12622	95.960	99	4	0	3	101	1	99	9.22e-40	161
7LVA-2D	bpRNA_RFAM_12626	96.875	96	3	0	6	101	4	99	9.22e-40	161
7LVA-2D	bpRNA_RFAM_12546	98.889	90	1	0	3	92	1	90	9.22e-40	161
7LVA-2D	bpRNA_RFAM_12583	95.960	99	3	1	3	101	1	98	3.32e-39	159
7LVA-2D	bpRNA_RFAM_12615	94.949	99	5	0	3	101	1	99	4.29e-38	156
7LVA-2D	bpRNA_RFAM_12530	94.949	99	5	0	3	101	1	99	4.29e-38	156
7LVA-2D	bpRNA_RFAM_12635	94.949	99	5	0	3	101	1	99	4.29e-38	156
7LVA-2D	bpRNA_RFAM_12614	94.949	99	5	0	3	101	1	99	4.29e-38	156
7LVA-2D	bpRNA_RFAM_12574	94.949	99	5	0	3	101	1	99	4.29e-38	156
7LVA-2D	bpRNA_RFAM_12535	94.949	99	5	0	3	101	1	99	4.29e-38	156
7LVA-2D	bpRNA_RFAM_12572	95.000	100	3	2	3	101	1	99	4.29e-38	156
7LVA-2D	bpRNA_RFAM_12642	94.949	99	5	0	3	101	1	99	4.29e-38	156
7LVA-2D	bpRNA_RFAM_12567	94.949	99	5	0	3	101	1	99	4.29e-38	156
7LVA-2D	bpRNA_RFAM_12640	94.949	99	5	0	3	101	1	99	4.29e-38	156
7LVA-2D	bpRNA_RFAM_12561	94.949	99	5	0	3	101	1	99	4.29e-38	156
7LVA-2D	bpRNA_RFAM_12521	95.000	100	3	2	3	101	1	99	4.29e-38	156
7LVA-2D	bpRNA_RFAM_12604	94.949	99	5	0	3	101	1	99	4.29e-38	156
7LVA-2D	bpRNA_RFAM_12582	94.949	99	5	0	3	101	1	99	4.29e-38	156
7LVA-2D	bpRNA_RFAM_12523	94.949	99	5	0	3	101	1	99	4.29e-38	156
7LVA-2D	bpRNA_RFAM_12562	95.000	100	3	2	3	101	1	99	4.29e-38	156
7LVA-2D	bpRNA_RFAM_12602	95.833	96	4	0	5	100	3	98	4.29e-38	156
7LVA-2D	bpRNA_RFAM_12645	94.949	99	5	0	3	101	1	99	4.29e-38	156
7LVA-2D	bpRNA_RFAM_12525	94.949	99	5	0	3	101	1	99	4.29e-38	156
7LVA-2D	bpRNA_RFAM_12624	94.949	99	5	0	3	101	1	99	4.29e-38	156
7LVA-2D	bpRNA_RFAM_12529	93.939	99	6	0	3	101	1	99	2.00e-36	150
7LVA-2D	bpRNA_RFAM_12575	93.939	99	6	0	3	101	1	99	2.00e-36	150
7LVA-2D	bpRNA_RFAM_12631	93.939	99	6	0	3	101	1	99	2.00e-36	150
7LVA-2D	bpRNA_RFAM_12557	93.939	99	6	0	3	101	1	99	2.00e-36	150
7LVA-2D	bpRNA_RFAM_12571	93.939	99	6	0	3	101	1	99	2.00e-36	150
7LVA-2D	bpRNA_RFAM_12568	94.000	100	4	2	3	101	1	99	2.00e-36	150
7LVA-2D	bpRNA_RFAM_12611	93.939	99	6	0	3	101	1	99	2.00e-36	150
7LVA-2D	bpRNA_RFAM_12616	93.939	99	6	0	3	101	1	99	2.00e-36	150
7LVA-2D	bpRNA_RFAM_12528	93.939	99	6	0	3	101	1	99	2.00e-36	150
7LVA-2D	bpRNA_RFAM_12634	93.939	99	6	0	3	101	1	99	2.00e-36	150
7LVA-2D	bpRNA_RFAM_12556	94.000	100	4	2	3	101	1	99	2.00e-36	150
7LVA-2D	bpRNA_RFAM_12636	93.939	99	6	0	3	101	1	99	2.00e-36	150
7LVA-2D	bpRNA_RFAM_12565	93.939	99	6	0	3	101	1	99	2.00e-36	150
7LVA-2D	bpRNA_RFAM_12520	93.939	99	6	0	3	101	1	99	2.00e-36	150
7LVA-2D	bpRNA_RFAM_12581	94.000	100	4	2	3	101	1	99	2.00e-36	150
7LVA-2D	bpRNA_RFAM_12539	93.939	99	6	0	3	101	1	99	2.00e-36	150
7LVA-2D	bpRNA_RFAM_12605	93.939	99	6	0	3	101	1	99	2.00e-36	150
7LVA-2D	bpRNA_RFAM_12618	93.939	99	6	0	3	101	1	99	2.00e-36	150
7LVA-2D	bpRNA_RFAM_12547	93.939	99	6	0	3	101	1	99	2.00e-36	150
7LVA-2D	bpRNA_RFAM_12620	93.939	99	6	0	3	101	1	99	2.00e-36	150
7LVA-2D	bpRNA_RFAM_12540	94.000	100	4	2	3	101	1	99	2.00e-36	150
7LVA-2D	bpRNA_RFAM_12639	93.939	99	6	0	3	101	1	99	2.00e-36	150
7LVA-2D	bpRNA_RFAM_12527	93.939	99	6	0	3	101	1	99	2.00e-36	150
7LVA-2D	bpRNA_RFAM_12579	93.939	99	6	0	3	101	1	99	2.00e-36	150
7LVA-2D	bpRNA_RFAM_12518	93.939	99	6	0	3	101	1	99	2.00e-36	150
7LVA-2D	bpRNA_RFAM_12560	93.939	99	6	0	3	101	1	99	2.00e-36	150
7LVA-2D	bpRNA_RFAM_12625	93.878	98	6	0	4	101	2	99	7.18e-36	148
7LVA-2D	bpRNA_RFAM_12550	95.652	92	2	2	3	93	1	91	2.58e-35	147
7LVA-2D	bpRNA_RFAM_12628	92.929	99	7	0	3	101	1	99	9.29e-35	145
7LVA-2D	bpRNA_RFAM_12551	92.929	99	7	0	3	101	1	99	9.29e-35	145
7LVA-2D	bpRNA_RFAM_12633	92.929	99	7	0	3	101	1	99	9.29e-35	145
7LVA-2D	bpRNA_RFAM_12577	92.929	99	7	0	3	101	1	99	9.29e-35	145
7LVA-2D	bpRNA_RFAM_12553	92.929	99	7	0	3	101	1	99	9.29e-35	145
7LVA-2D	bpRNA_RFAM_12613	92.929	99	7	0	3	101	1	99	9.29e-35	145
7LVA-2D	bpRNA_RFAM_12534	92.929	99	7	0	3	101	1	99	9.29e-35	145
7LVA-2D	bpRNA_RFAM_12632	92.929	99	7	0	3	101	1	99	9.29e-35	145
7LVA-2D	bpRNA_RFAM_12533	92.929	99	7	0	3	101	1	99	9.29e-35	145
7LVA-2D	bpRNA_RFAM_12629	92.929	99	7	0	3	101	1	99	9.29e-35	145
7LVA-2D	bpRNA_RFAM_12590	93.000	100	5	2	3	101	1	99	9.29e-35	145
7LVA-2D	bpRNA_RFAM_12554	95.556	90	4	0	3	92	1	90	9.29e-35	145
7LVA-2D	bpRNA_RFAM_12594	92.929	99	7	0	3	101	1	99	9.29e-35	145
7LVA-2D	bpRNA_RFAM_12569	92.929	99	7	0	3	101	1	99	9.29e-35	145
7LVA-2D	bpRNA_RFAM_12607	92.929	99	7	0	3	101	1	99	9.29e-35	145
7LVA-2D	bpRNA_RFAM_12543	95.556	90	4	0	3	92	1	90	9.29e-35	145
7LVA-2D	bpRNA_RFAM_12638	92.929	99	7	0	3	101	1	99	9.29e-35	145
7LVA-2D	bpRNA_RFAM_12578	92.929	99	7	0	3	101	1	99	9.29e-35	145
7LVA-2D	bpRNA_RFAM_12585	93.000	100	5	2	3	101	1	99	9.29e-35	145
7LVA-2D	bpRNA_RFAM_12559	92.929	99	7	0	3	101	1	99	9.29e-35	145
7LVA-2D	bpRNA_RFAM_12580	93.000	100	5	2	3	101	1	99	9.29e-35	145
7LVA-2D	bpRNA_RFAM_12538	93.000	100	5	2	3	101	1	99	9.29e-35	145
7LVA-2D	bpRNA_RFAM_12586	93.000	100	5	2	3	101	1	99	9.29e-35	145
7LVA-2D	bpRNA_RFAM_12588	92.000	100	6	2	3	101	1	99	4.32e-33	139
7LVA-2D	bpRNA_RFAM_12617	91.919	99	8	0	3	101	1	99	4.32e-33	139
7LVA-2D	bpRNA_RFAM_12593	91.919	99	8	0	3	101	1	99	4.32e-33	139
7LVA-2D	bpRNA_RFAM_12576	91.919	99	8	0	3	101	1	99	4.32e-33	139
7LVA-2D	bpRNA_RFAM_12549	91.919	99	8	0	3	101	1	99	4.32e-33	139
7LVA-2D	bpRNA_RFAM_12589	92.000	100	6	2	3	101	1	99	4.32e-33	139
7LVA-2D	bpRNA_RFAM_12570	91.919	99	8	0	3	101	1	99	4.32e-33	139
7LVA-2D	bpRNA_RFAM_12537	92.000	100	6	2	3	101	1	99	4.32e-33	139
7LVA-2D	bpRNA_RFAM_12558	91.919	99	8	0	3	101	1	99	4.32e-33	139
7LVA-2D	bpRNA_RFAM_12644	91.919	99	8	0	3	101	1	99	4.32e-33	139
7LVA-2D	bpRNA_RFAM_12545	92.000	100	6	2	3	101	1	99	4.32e-33	139
7LVA-2D	bpRNA_RFAM_12587	92.000	100	6	2	3	101	1	99	4.32e-33	139
7LVA-2D	bpRNA_RFAM_12564	91.919	99	8	0	3	101	1	99	4.32e-33	139
7LVA-2D	bpRNA_RFAM_12542	92.000	100	6	2	3	101	1	99	4.32e-33	139
7LVA-2D	bpRNA_RFAM_12566	92.000	100	6	2	3	101	1	99	4.32e-33	139
7LVA-2D	bpRNA_RFAM_12544	92.079	101	4	2	3	101	1	99	4.32e-33	139
7LVA-2D	bpRNA_RFAM_12531	93.333	90	6	0	3	92	1	90	2.01e-31	134
7LVA-2D	bpRNA_RFAM_12610	90.909	99	9	0	3	101	1	99	2.01e-31	134
7LVA-2D	bpRNA_RFAM_12519	90.909	99	9	0	3	101	1	99	2.01e-31	134
7LVA-2D	bpRNA_RFAM_12526	91.000	100	7	2	3	101	1	99	2.01e-31	134
7LVA-2D	bpRNA_RFAM_12643	90.909	99	9	0	3	101	1	99	2.01e-31	134
7LVA-2D	bpRNA_RFAM_12522	90.909	99	8	1	3	101	1	98	7.23e-31	132
7LVA-2D	bpRNA_RFAM_12541	89.899	99	10	0	3	101	1	99	9.35e-30	128
7LVA-2D	bpRNA_RFAM_12641	92.135	89	5	2	3	90	1	88	1.21e-28	124
7LVA-2D	bpRNA_RFAM_12621	88.889	99	11	0	3	101	1	99	4.35e-28	122
7LVA-2D	bpRNA_RFAM_12606	89.000	100	9	2	3	101	1	99	4.35e-28	122
7LVA-2D	bpRNA_RFAM_12592	87.129	101	11	1	3	101	1	101	2.62e-25	113
6VVJ-2D	bpRNA_RFAM_11044	98.305	59	0	1	1	58	2	60	7.58e-22	102
6VVJ-2D	bpRNA_RFAM_11040	93.220	59	3	1	1	58	2	60	7.64e-17	86.1
6WLU-2D	bpRNA_RFAM_15600	93.023	43	3	0	145	187	3	45	6.88e-10	63.9
